10
1
3
3 11 8 16 0 -1
3 11 4 8 0 2
7 19 4 8 0 2
haar_x2_y2
-1.402631e-003 0 -1
9.317906e-001 -8.624589e-001 
1
2
15 42 10 18 0 -1
15 48 10 6 0 3
haar_y3
3.009885e-003 0 -1
-9.222773e-001 8.982089e-001 
1
2
38 23 6 8 0 -1
40 25 2 8 0 3
tilted_haar_x3
9.784205e-004 0 -1
-9.693816e-001 8.940536e-001 
1
2
2 1 4 30 0 -1
3 1 2 30 0 2
haar_x4
1.388120e-004 0 -1
-1.000000e+000 1.000004e+000 
1
2
0 0 2 1 0 -1
1 0 1 1 0 2
haar_x2
0.000000e+000 0 -1
0.000000e+000 -1.000000e+000 
1
2
0 0 4 13 0 -1
1 0 2 13 0 2
haar_x4
1.212290e-005 0 -1
-1.000000e+000 1.000000e+000 
1
2
0 0 2 1 0 -1
1 0 1 1 0 2
haar_x2
0.000000e+000 0 -1
0.000000e+000 -1.000000e+000 
1
2
0 0 2 17 0 -1
1 0 1 17 0 2
haar_x2
4.569740e-006 0 -1
-1.000000e+000 9.999995e-001 
1
2
0 0 2 1 0 -1
1 0 1 1 0 2
haar_x2
0.000000e+000 0 -1
0.000000e+000 -1.000000e+000 
1
2
0 0 15 39 0 -1
0 13 15 13 0 3
haar_y3
-7.543318e-004 0 -1
1.000000e+000 -1.000000e+000 
9.298068e-001

3
-1
